Brute force, kNN, Bez pridavania, Bez random vyberu pri zhode, Body ako v zadani
1   7423.0   0.07545899152755738
2   7559.0   0.11478224992752076
3   7428.0   0.1403244400024414
4   7744.0   0.17192299842834471
5   7548.0   0.2172707200050354
6   7843.0   0.2615200996398926
7   7648.0   0.3016460108757019
8   7752.0   0.35821483135223386
9   7499.0   0.38657570838928224
10   9529.0   0.4229192614555359
11   10853.0   0.5114296293258667
12   12267.0   0.5577472710609436
13   14426.0   0.6334088778495789
14   15732.0   0.6737586402893067
15   18041.0   0.7281760191917419

Brute force, kNN, Bez pridavania, Random vyber pri zhode, Body ako v zadani
1   7356.0   0.08748153924942016
2   7358.73   0.1419927191734314
3   7374.31   0.17995325088500977
4   7609.07   0.19367383003234864
5   7499.36   0.232237389087677
6   7742.86   0.2771337032318115
7   7623.44   0.3153663992881775
8   7679.44   0.363808171749115
9   7458.94   0.42280264854431154
10   9359.07   0.4903179311752319
11   10648.37   0.45853600978851317
12   12059.33   0.5026769709587097
13   14308.68   0.560920729637146
14   15559.1   0.6010965800285339
15   17900.08   0.6503567600250244

Brute force, kNN, Bez pridavania, Bez random vyberu pri zhode, Body ako Gauss
1   1022.0   0.07523895978927612
2   1227.0   0.10985508918762207
3   1022.0   0.1356795310974121
4   1373.0   0.16694161891937256
5   1092.0   0.20250160932540895
6   1609.0   0.24494184970855712
7   1148.0   0.29249260902404783
8   1298.0   0.3328292036056519
9   1152.0   0.3779985499382019
10   2211.0   0.4126232886314392
11   3782.0   0.47441443920135495
12   5681.0   0.5382695508003235
13   8611.0   0.5773035311698913
14   10995.0   0.631415708065033
15   14724.0   0.6755119180679321

Brute force, kNN, Bez pridavania, Random vyber pri zhode, Body ako Gauss
1   1016.0   0.08506734132766723
2   1243.59   0.12513978958129882
3   1017.62   0.15310866832733155
4   1374.0   0.19025352001190185
5   1086.02   0.2183261203765869
6   1651.69   0.26077479124069214
7   1130.11   0.3039078187942505
8   1306.79   0.35220844984054567
9   1151.84   0.3859299373626709
10   2254.44   0.4270382308959961
11   3875.27   0.5009019613265991
12   5679.95   0.5600538086891175
13   8671.82   0.6090013408660888
14   11086.46   0.6601064610481262
15   14815.62   0.7075985383987426

Brute force, WkNN, Bez pridavania, Bez random vyberu pri zhode, Body ako Gauss
1   997.0   1.4141867136955262
2   997.0   1.3900252604484558
3   997.0   1.6002553796768189
4   997.0   1.5090904235839844
5   997.0   1.4622964668273926
6   997.0   1.5548032546043395
7   997.0   1.6170627522468566
8   997.0   1.7379463481903077
9   997.0   1.7278950238227844
10   997.0   1.614979157447815
11   997.0   1.688620820045471
12   997.0   1.7254023933410645
13   997.0   1.8176689743995667
14   997.0   1.8459669542312622
15   997.0   1.842459089756012

Brute force, WkNN, Bez pridavania, Random vyber pri zhode, Body ako Gauss
1   1036.0   1.5158935022354125
2   1036.0   1.6089887857437133
3   1036.0   1.6061163115501405
4   1036.0   1.5638570046424867
5   1036.0   1.5125819373130798
6   1036.0   1.6209462404251098
7   1036.0   1.781026484966278
8   1036.0   1.793923990726471
9   1036.0   1.7509046840667724
10   1036.0   1.66153333902359
11   1036.0   1.7479021596908568
12   1036.0   1.830387396812439
13   1036.0   1.904231333732605
14   1036.0   1.8917444300651551
15   1036.0   1.9194430780410767

Brute force, WkNN, Bez pridavania, Bez random vyberu pri zhode, Body ako v zadani
1   7240.0   1.1887848091125488
2   7240.0   1.6914158940315247
3   7240.0   1.763586061000824
4   7240.0   1.733529269695282
5   7240.0   1.6560778975486756
6   7240.0   1.7306426715850831
7   7240.0   1.8746850442886354
8   7240.0   1.9238271021842956
9   7240.0   1.8874492645263672
10   7240.0   1.8214353728294372
11   7240.0   1.8872891473770141
12   7240.0   1.966620342731476
13   7240.0   2.0264738631248473
14   7240.0   1.9965367555618285
15   7240.0   2.0247512555122373

Brute force, WkNN, Bez pridavania, Random vyber pri zhode, Body ako v zadani
1   7192.0   1.5594766998291016
2   7191.76   1.7841806674003602
3   7191.97   1.7913588857650757
4   7192.25   1.7279381799697875
5   7191.9   1.7312924003601073
6   7191.81   1.8352390456199645
7   7193.06   1.9691060423851012
8   7191.75   1.9569922947883607
9   7191.92   1.8407744145393372
10   7191.81   1.8720106744766236
11   7190.49   1.9429202699661254
12   7191.85   2.063052251338959
13   7193.29   2.036197826862335
14   7191.82   2.0808611035346987
15   7191.69   2.1378685212135315

Brute force, kNN, S pridavanim, Random vyber pri zhode, Body ako v zadani
1   10751.0   199.91773161888122
2   11004.4   208.89213438034056
3   10686.2   420.54793939590456
4   11001.6   204.0848129749298
5   10332.2   246.5057608127594
6   10515.4   260.02492718696595
7   11154.0   263.2050668239593
8   11712.8   260.70069699287416
9   11507.2   345.84142260551454
10   11196.6   269.56349902153016
11   10859.4   248.54506039619446
12   12352.4   250.01974058151245
13   12576.6   228.6971769809723
14   15683.4   165.625483417511
15   19464.2   257.3098475933075

Brute force, WkNN, S pridavanim, Bez random vyberu pri zhode, Body ako v zadani
1   11252.0   200.1177390098572
2   11252.0   184.9982120037079
3   10392.0   176.17376861572265
4   9835.0   174.07383699417113
5   10187.0   178.6981261730194
6   10713.0   182.56500840187073
7   10543.0   204.357856798172
8   10433.0   176.22118358612062
9   10618.0   177.0780776023865
10   10485.0   177.3549123764038
11   10766.0   178.92599782943725
12   10771.0   178.08725581169128
13   10765.0   180.53903036117555
14   10418.0   178.45526962280275
15   10847.0   178.01647877693176

Brute force, WkNN, S pridavanim, Random vyber pri zhode, Body ako v zadani
1   10926.0   201.84667720794678
2   10926.0   185.9354651927948
3   11253.0   177.3601583957672
4   11237.0   174.11534242630006
5   10665.0   179.774173784256
6   11797.0   183.98299622535706
7   10551.0   208.3204381942749
8   10418.0   176.89348258972169
9   10375.0   179.85687322616576
10   10646.0   179.55430321693422
11   10401.0   179.29890556335448
12   10527.0   178.8478440284729
13   10591.0   178.53279218673705
14   10431.0   178.190673828125
15   10596.0   175.87411379814148

Brute force, WkNN, S pridavanim, Random vyber pri zhode, Body ako Gauss
1   2266.0   284.3277835845947
2   2266.0   262.97857241630555
3   1610.0   258.25120239257814
4   1400.0   263.6767596244812
5   1528.0   279.0763156414032
6   1952.0   256.54702639579773
7   1451.0   258.2532160282135
8   1403.0   252.50956020355224
9   1353.0   259.49725856781004
10   1329.0   252.6654788017273
11   1303.0   242.36023721694946
12   1339.0   233.3647773742676
13   1196.0   265.43123903274534
14   1241.0   258.0773829936981
15   1179.0   254.34978742599486

Brute force, WkNN, S pridavanim, Bez random vyberu pri zhode, Body ako Gauss
1   2095.0   293.31516337394714
2   2095.0   258.3154226303101
3   1808.0   259.15073838233945
4   1743.0   268.2105228424072
5   1751.0   283.3366225719452
6   1244.0   259.4427210330963
7   1202.0   263.0153013706207
8   1216.0   259.85134501457213
9   1202.0   262.25758318901063
10   1210.0   258.0908818244934
11   1215.0   240.06696982383727
12   1210.0   246.92447099685668
13   1207.0   268.97155022621155
14   1208.0   263.72201175689696
15   1191.0   267.3289720058441

Brute force, kNN, S pridavanim, Bez random vyberu pri zhode, Body ako Gauss
1   2552.0   252.8152937889099
2   5322.0   266.9812665939331
3   1564.0   269.4632246017456
4   2319.0   250.20710339546204
5   1352.0   234.64569940567017
6   1516.0   230.81130261421202
7   1245.0   234.40282859802247
8   1468.0   231.62214679718016
9   1179.0   233.06706099510194
10   1258.0   231.94363422393798
11   1260.0   235.6539047718048
12   20147.0   231.217365026474
13   20133.0   230.58810477256776
14   20147.0   209.10384340286254
15   20125.0   209.68113102912903

Brute force, kNN, S pridavanim, Bez random vyberu pri zhode, Body ako v zadani
1   10180.0   152.63257479667664
2   16326.0   156.35133981704712
3   10165.0   156.39333219528197
4   13682.0   154.95635056495667
5   10466.0   157.0032928466797
6   12107.0   157.2794379711151
7   9902.0   160.59698581695557
8   12148.0   155.4953070163727
9   11771.0   157.40740938186644
10   12401.0   157.6332350254059
11   12817.0   156.9097291946411
12   12927.0   156.86160278320312
13   15115.0   160.2980805873871
14   14981.0   150.02622575759887
15   15615.0   142.9915666103363

Brute force, kNN, S pridavanim, Random vyberu pri zhode, Body ako Gauss
1   1314.0   247.42484059333802
2   1409.8   262.84864616394043
3   1151.8   262.018354177475
4   1221.8   250.3733705997467
5   1103.6   228.81720542907715
6   1111.0   228.4001425743103
7   1101.4   230.92425079345702
8   1096.0   228.10733461380005
9   1150.2   230.02063198089598
10   1122.6   227.0513355731964
11   1104.6   229.83195381164552
12   1093.0   228.83523921966554
13   3010.0   232.1595664024353

KD-tree, kNN, S pridavanim, Bez random vyberu pri zhode, Body ako v zadani
1   10102.0   0.9535387039184571
2   17501.0   2.9888190984725953
3   11452.0   4.983351612091065
4   13227.0   6.5082005023956295
5   9884.0   8.081484699249268
6   10107.0   10.144468402862548
7   11041.0   11.555066514015198
8   12768.0   12.993661785125733
9   11627.0   15.65596091747284
10   13022.0   17.990868592262267
11   11477.0   20.536624002456666
12   13577.0   21.973177099227904
13   13035.0   24.07243368625641
14   16930.0   26.051043605804445
15   22005.0   28.715293097496033

KD-tree, kNN, S pridavanim, Bez random vyberu pri zhode, Body ako Gauss
1   3174.0   1.3948045015335082
2   5302.0   3.7589767932891847
3   1587.0   5.157779407501221
4   1390.0   7.206975102424622
5   1696.0   8.934300780296326
6   1302.0   11.332271504402161
7   1153.0   12.751284217834472
8   1707.0   14.953629517555237
9   1287.0   17.80447518825531
10   1670.0   20.797266602516174
11   1575.0   22.473627400398254
12   1854.0   25.376747298240662
13   1136.0   27.34345178604126
14   10614.0   30.537573909759523
15   10546.0   21.243478608131408

KD-tree, kNN, S pridavanim, Random vyber pri zhode, Body ako Gauss
1   2197.0   2.0760043144226072
2   2231.3   3.96451358795166
3   1746.0   5.283573007583618
4   1468.7   7.369575500488281
5   1625.9   9.116965699195863
6   1358.9   11.31748161315918
7   1069.8   12.602669191360473
8   1128.0   15.162240600585937
9   1070.2   17.747479701042174
10   1067.9   20.55054199695587
11   1048.3   22.305344009399413
12   1064.8   24.81283121109009
13   1075.6   26.806853795051573
14   2936.0   29.89261939525604
15   10116.0   21.00156490802765

KD-tree, kNN, S pridavanim, Random vyber pri zhode, Body ako v zadani
1   9875.0   2.094359803199768
2   10826.7   3.4079787969589233
3   9825.1   4.550557208061218
4   10889.2   6.399991512298584
5   10733.3   7.748611283302307
6   10811.6   9.791634702682495
7   10687.2   11.087978291511536
8   11032.5   12.494748091697693
9   12539.0   14.89001269340515
10   11415.6   16.920561099052428
11   12384.8   19.190818190574646
12   11824.2   20.931657195091248
13   14548.1   23.11073410511017
14   16349.1   24.844331789016724
15   16922.2   28.226948714256288

KD-tree, WkNN, S pridavanim, Bez random vyberu pri zhode, Body ako v zadani
1   12524.0   4.401784420013428
2   12524.0   7.517544507980347
3   10694.0   9.789236402511596
4   9713.0   12.606366991996765
5   10870.0   14.950669002532958
6   10852.0   18.360157084465026
7   11032.0   22.76782331466675
8   10450.0   24.045285797119142
9   10015.0   27.695770502090454
10   9808.0   30.44324369430542
11   9825.0   36.385587096214294
12   9794.0   39.017082405090335
13   9946.0   33.65527560710907
14   9855.0   23.74251170158386
15   9877.0   22.13462598323822

KD-tree, WkNN, S pridavanim, Bez random vyberu pri zhode, Body ako Gauss
1   1678.0   4.6028067111969
2   1678.0   8.824234986305237
3   1539.0   12.095877695083619
4   1550.0   14.520853996276855
5   1537.0   17.768770384788514
6   1500.0   22.690737223625185
7   1484.0   26.291656303405762
8   1501.0   27.94524290561676
9   1483.0   33.089720606803894
10   1508.0   38.893543815612794
11   1527.0   42.549033403396606
12   1441.0   36.54250819683075
13   1478.0   25.923238396644592
14   1389.0   22.408120894432066
15   1335.0   17.58095579147339

KD-tree, WkNN, S pridavanim, Random vyber pri zhode, Body ako v zadani
1   11714.0   2.8138599157333375
2   11710.4   7.849762988090515
3   9207.0   10.109954690933227
4   10752.0   12.434451794624328
5   9694.0   14.730880284309388
6   9930.0   17.472885298728944
7   9965.0   22.128471612930298
8   11194.0   23.701416397094725
9   10918.0   26.49840590953827
10   11062.0   29.765877103805543
11   11200.0   35.01774821281433
12   11191.0   38.52499258518219
13   10139.0   34.65874061584473
14   10475.0   26.835177087783812
15   10467.0   22.75571999549866

Brute force, WkNN, S pridavanim, Bez random vyberu pri zhode, Body ako Gauss
1   2307.0   4.082726097106933
2   2307.0   9.092782807350158
3   2143.0   11.66858150959015
4   2060.0   14.795078706741332
5   1932.0   17.400500297546387
6   1924.0   22.310614013671874
7   1898.0   25.989996004104615
8   1821.0   27.07863850593567
9   1824.0   32.63936901092529
10   1750.0   37.753819012641905
11   1829.0   42.21908369064331
12   1656.0   37.76702029705048
13   1821.0   26.03939199447632
14   1787.0   22.98053619861603
15   1783.0   17.850185203552247